1. 2
2. 1
3. 1
4. 1
5. 1
6. 1
13. 2
14. 1
15. 1
16. 2 
---
21. 1
22. 4
23. 2
24. 3
25. 3
26. 1
--
31. 4
32. 1
33. 4
34. 4
35. 1
--
40. 2
41. 2
42. 3
43. 3
44. 4
--
49. 2,3,4
50. 1
51. 4
52. 뉴트리 왕갈비 훈제육
53. 746
54. 2448
55. 383
56. 3
57. 4
58. 2
59. 1
60. 1
---
67- 1. ㄱ
67- 2. ㄹ
67- 3. ㄴ
67- 4. ㄴ
67- 5. ㄴ
67- 6. ㄴ
67- 7. ㄴ
67- 8. ㅁ
67- 9. ㄴ
67- 10. ㅂ
67- 11. ㄷ
67- 12. ㄷ

68. 2
69. 4 
70. 1
---

73. 4
74. 1
75. 4
76. 1
---
81. 3
82. 3
83. 1
84. 1
85. 4

-- 
90. 4
91. 1
92. 4
93. 2

-- 
98. 2
99. 2
100. 4
101. 4
---
102 -1. 판매수량
102 -2. 품번
102 -3. 제 2
102 -4. 이행
102 -5. 제 3
--
103 
사번table : 사번/이름/직급/연봉/지점코드
지점 table : 지점코드/지점/전화번호



 

